26 50
11 26 16 11 1 9 24 6 22 14 2 4
1 17
13 20 7 5 4 18 15 16 13 24 2 5 26 16
24 16 15 6 26 8 7 13 7 21 13 5 13 8 18 26 9 19 17 13 15 9 4 1 2
26 23 17 3 19 13 9 18 14 10 13 25 10 9 2 9 24 14 12 4 23 25 14 19 7 26 8
18 16 19 10 6 21 21 7 18 24 4 22 24 4 20 6 21 16 20
6 5 4 19 18 5 4
17 5 10 12 5 1 16 19 9 18 11 21 21 8 14 26 19 4
6 20 3 16 26 15 20
10 4 6 18 25 17 4 16 7 13 7
1 3
17 8 25 26 5 22 20 11 2 10 8 11 23 6 18 4 18 4
20 22 17 25 15 14 14 13 23 8 11 6 14 4 8 5 8 24 12 3 12
26 12 10 26 23 13 12 11 19 6 16 2 1 22 7 12 7 26 8 15 3 7 14 15 17 19 25
14 23 24 17 12 13 16 14 2 22 1 13 20 21 24
7 11 25 25 2 6 4 10
19 3 3 8 9 21 23 13 12 23 14 17 14 5 20 16 21 1 15 17
14 18 13 15 14 3 8 20 12 25 17 22 23 9 21
13 14 16 9 23 12 3 24 6 11 16 26 3 18
2 25 9
5 10 13 6 22 15
10 13 10 10 6 9 20 4 2 18 25
11 22 3 25 23 3 10 26 25 10 25 1
8 9 9 5 5 26 9 2 7
26 20 9 10 25 5 26 6 22 2 3 23 7 21 23 17 2 11 9 9 23 10 26 16 15 14 4
4 18 12 13 17
21 19 3 3 9 22 15 16 8 26 18 21 6 10 14 3 2 4 13 23 12 14
3 2 26 7
23 13 13 9 2 5 16 14 12 8 1 12 18 26 7 20 12 24 20 15 26 26 1 4
6 20 10 8 2 22 21
12 16 26 10 22 15 5 3 18 13 26 22 19
5 12 21 9 16 3
21 20 18 10 14 1 24 24 26 26 14 1 20 13 24 20 23 16 6 13 12 10
23 12 19 1 5 2 3 19 1 2 4 26 19 14 2 20 21 16 7 19 5 14 3 22
24 16 5 9 17 13 8 4 24 1 14 9 19 3 25 4 16 5 24 14 6 6 23 9 2
12 20 7 18 1 3 20 25 16 10 24 20 18
21 4 2 17 4 23 19 6 23 2 4 4 15 8 5 19 21 14 25 19 13 4
4 11 22 24 5
13 21 1 19 5 16 25 8 17 17 4 26 8 17
1 24
20 26 9 7 21 20 18 19 10 3 3 7 23 7 16 4 3 17 22 4 2
9 23 16 2 17 25 8 10 9 22
3 6 5 22
11 4 24 21 19 7 25 9 16 4 1 15
24 23 11 23 11 2 17 16 6 6 14 8 10 9 16 23 21 11 18 2 15 24 23 18 13
13 1 16 11 17 20 7 8 14 18 23 16 3 25
9 18 26 5 18 9 19 4 18 26
21 20 18 7 14 4 9 10 4 5 1 16 23 11 2 3 11 13 4 19 6 10
5 12 22 26 16 5
14 16 1 2 4 18 12 8 8 24 3 18 18 17 11
