22 23
11 8 8 13 22 12 19 9 4 4 13 6
20 8 21 7 2 8 22 2 10 11 15 1 12 6 17 7 17 15 13 19 20
21 20 7 1 13 8 10 17 11 1 19 3 11 12 21 20 21 8 20 10 5 5
12 21 12 3 14 13 13 13 17 18 22 7 5
1 19
1 8
2 20 3
19 2 5 16 19 19 22 10 3 18 11 20 2 15 10 9 14 19 8 4
8 18 2 3 7 7 17 20 9
7 6 16 6 8 12 16 11
19 10 7 6 13 15 2 9 2 5 4 5 1 20 21 1 8 15 20 14
15 1 6 19 14 7 13 3 20 19 17 17 11 1 15 2
6 10 4 8 16 4 19
16 6 21 18 14 14 4 4 1 1 3 3 13 13 4 15 15
22 13 14 5 4 22 7 12 22 5 11 1 17 17 9 8 20 17 3 3 13 18 12
18 16 5 17 8 10 5 7 9 18 17 19 2 15 21 4 15 8 7
12 21 17 4 10 1 17 21 20 3 20 4 12
7 17 13 2 16 18 20 11
12 20 19 3 4 8 8 9 10 14 2 19 7
19 19 3 21 16 2 14 10 5 14 15 22 18 15 4 18 4 20 5 17
4 14 14 20 15
17 14 18 17 18 10 10 10 1 1 16 16 21 10 19 9 17 14
9 20 5 5 22 16 16 5 16 1
