34 39
21 26 13 16 1 13 19 17 10 23 1 23 26 23 6 14 23 30 30 16 1 4
22 28 9 32 12 13 8 22 7 26 3 21 3 29 9 13 34 31 18 33 18 4 11
13 33 9 24 16 7 3 22 34 19 3 16 10 18
2 25 8
29 2 5 18 4 11 17 10 6 19 16 4 10 22 23 19 15 11 8 30 30 15 11 24 32 22 24 34 25 6
11 3 25 8 5 17 15 32 29 27 16 24
33 15 1 11 14 11 25 11 17 21 2 5 23 3 7 4 16 15 10 1 23 33 26 18 1 18 33 23 20 16 29 22 34 28
4 25 18 21 17
5 12 5 21 4 23
8 5 3 8 31 15 22 6 12
2 16 8
2 5 12
28 4 15 13 29 16 19 8 6 20 33 3 1 17 30 28 28 29 21 16 8 1 26 2 33 32 31 27 27
32 20 29 17 11 31 21 24 18 22 11 33 3 34 10 21 17 31 33 28 32 28 29 14 15 27 32 14 8 14 34 28 9
18 23 18 33 3 6 29 17 2 28 29 29 13 17 27 13 9 10 3
12 5 18 21 21 23 10 21 14 22 2 11 10
3 5 34 11
5 5 11 2 21 12
22 13 14 26 30 5 3 17 21 28 14 25 27 5 21 19 22 26 5 7 3 6 4
33 27 17 2 13 5 3 16 24 4 29 8 11 22 23 22 29 14 21 6 33 27 32 30 23 2 19 9 11 24 13 27 1 4
16 11 15 33 7 16 15 26 10 9 25 13 14 28 31 19 4
28 22 32 17 9 21 25 12 20 24 26 9 15 20 21 29 25 4 1 14 30 10 27 29 20 12 32 13 27
12 8 26 2 5 13 8 6 27 25 6 3 8
24 19 16 6 27 25 10 16 23 25 22 5 3 2 24 31 21 7 13 5 11 18 5 2 4
10 24 24 6 28 6 29 21 6 15 15
11 5 28 34 17 22 4 20 8 20 23 22
28 15 19 2 22 30 12 27 33 26 13 12 20 22 13 3 33 12 10 23 8 26 9 4 27 23 5 9 33
2 20 10
17 25 18 26 11 28 34 2 28 17 26 12 8 12 27 22 6 26
21 3 31 13 33 27 13 34 30 2 28 14 13 31 21 1 26 34 5 7 17 29
22 12 21 25 5 17 10 30 6 9 17 19 8 19 3 20 9 25 22 14 16 33 16
24 33 19 26 22 27 33 19 2 25 6 33 30 14 5 26 21 1 30 1 26 15 8 21 33
25 32 19 28 4 34 23 12 16 17 16 20 13 20 9 9 13 25 10 14 22 31 23 33 27 26
24 22 26 14 23 13 30 5 14 13 18 11 6 1 25 10 33 7 7 19 17 20 16 27 31
17 13 31 12 8 31 30 25 34 31 2 17 33 11 31 14 1 23
16 33 6 13 25 4 16 8 30 21 21 33 16 15 32 9 31
25 26 6 21 11 18 33 34 8 14 9 26 30 10 11 2 13 24 9 23 4 19 26 27 30 31
3 31 7 4
24 33 6 4 9 5 9 28 26 19 2 12 3 6 14 8 17 9 18 15 15 1 5 34 31
